-121.257 78.6429 255
0 0 0
0 0 0
-107.731 59.5486 255
13.5257 -19.0943 0
0 0 0
-94.4286 42.5714 255
13.3029 -16.9772 0
-0.148554 1.4114 0
-65.6686 21.4933 208
28.76 -21.0781 -47
5.0781 -0.66127 -15.6667
-54.3576 9.94714 211
11.311 -11.5462 3
-17.4491 9.53189 50
-42.7952 -0.614286 215
11.5624 -10.5614 4
0.251431 0.984763 1
-29.76 -9.92 217
13.0352 -9.30571 2
1.47286 1.25571 -2
-16.1333 -18.2286 220
13.6267 -8.30857 3
0.591429 0.997144 1
-1.0619 -23.999 223
15.0714 -5.77048 3
1.44476 2.53809 0
15.4171 -29.0971 228
16.479 -5.09809 5
1.40762 0.672382 2
56.4 -31.5571 235
22.74 -0.0971432 4
4.49714 2.26571 1
82.0168 -28.1815 240
25.6168 3.37563 5
1.04152 1.38857 0.2
111.45 -20.1707 244
29.4331 8.01085 4
1.5968 1.4949 0
150.086 -6.8 255
38.6358 13.3707 11
2.10908 1.82922 0.4